{
 "cells": [
  {
   "cell_type": "code",
   "execution_count": 1,
   "id": "fcc47bbb-b0d6-463b-8923-b2226539ba6f",
   "metadata": {},
   "outputs": [],
   "source": [
    "import pickle\n",
    "import torch\n",
    "import torch.nn as nn\n",
    "import random\n",
    "from torch.utils.data import DataLoader\n",
    "import time"
   ]
  },
  {
   "cell_type": "code",
   "execution_count": 2,
   "id": "58294db3-7486-4451-afcd-32a0aa35b327",
   "metadata": {},
   "outputs": [],
   "source": [
    "class BertDataset(torch.utils.data.Dataset):\n",
    "    def __init__(self, file):\n",
    "        super(BertDataset, self).__init__()\n",
    "        with open(file, 'rb') as f:\n",
    "            self.training_data = pickle.load(f)\n",
    "    \n",
    "    def __len__(self):\n",
    "        return len(self.training_data)\n",
    "    \n",
    "    def __getitem__(self,index):    \n",
    "        return self.training_data[index]['sentence'],self.training_data[index]['sentiment']         \n",
    "    \n",
    "    # def getbatch(self):\n",
    "    #     batch_data,batch_labels = [],[]                            ## First list for samples, the second for labels\n",
    "    #     maxval = 0.0                                               ## For approximate batch data normalization\n",
    "    #     for _ in range(self.batch_size):\n",
    "    #         item = self._getitem()\n",
    "    #         if np.max(item[0]) > maxval: \n",
    "    #             maxval = np.max(item[0])\n",
    "    #         batch_data.append(item[0])\n",
    "    #         batch_labels.append(item[1])\n",
    "    #     batch_data = [item/maxval for item in batch_data]          ## Normalize batch data\n",
    "    #     batch = [batch_data, batch_labels]\n",
    "    #     return batch"
   ]
  },
  {
   "cell_type": "code",
   "execution_count": 3,
   "id": "4a414bf5-02e1-4c21-8f18-9ce71be3e228",
   "metadata": {},
   "outputs": [],
   "source": [
    "dataset = BertDataset('bert_embedding_classes.pkl')\n",
    "dataloader = DataLoader(dataset, batch_size = 8,shuffle = True , drop_last = True)"
   ]
  },
  {
   "cell_type": "code",
   "execution_count": 4,
   "id": "afd1a785-644c-4e5c-b64f-64e93eda1ab9",
   "metadata": {},
   "outputs": [],
   "source": [
    "# for data in dataloader:\n",
    "#     sente,senti = data\n",
    "#     # print(data)\n",
    "#     print(sente)\n",
    "#     print(senti)\n",
    "#     break\n",
    "# print(len(dataloader))"
   ]
  },
  {
   "cell_type": "code",
   "execution_count": 28,
   "id": "ed07e398-f1e7-4870-8ec0-a5311cc17898",
   "metadata": {},
   "outputs": [],
   "source": [
    "class GRUnet(torch.nn.Module):\n",
    "            \"\"\"\n",
    "            Source: https://blog.floydhub.com/gru-with-pytorch/\n",
    "            with the only modification that the final output of forward() is now\n",
    "            routed through LogSoftmax activation. \n",
    "\n",
    "            Class Path: DLStudio  ->  TextClassification  ->  GRUnet\n",
    "            \"\"\"\n",
    "            def __init__(self, input_size, hidden_size, output_size, num_layers,  batch_size, drop_prob=0.2):\n",
    "                super(GRUnet, self).__init__()\n",
    "                self.hidden_size = hidden_size\n",
    "                self.num_layers = num_layers\n",
    "                self.gru = nn.GRU(input_size, hidden_size, num_layers,batch_first=True, dropout=drop_prob)\n",
    "                self.fc = nn.Linear(hidden_size, output_size)\n",
    "                self.leakyrelu = nn.LeakyReLU()\n",
    "                self.softmax = nn.Softmax(dim=1)\n",
    "                self.batch_size = batch_size\n",
    "                \n",
    "            def forward(self, x, h):\n",
    "                out, h = self.gru(x, h)\n",
    "                out = self.fc(self.leakyrelu(out[:,-1]))\n",
    "                out = self.softmax(out)\n",
    "                return out, h\n",
    "\n",
    "            def init_hidden(self):\n",
    "                weight = next(self.parameters()).data\n",
    "                #batch_size   \n",
    "                hidden = weight.new(  self.num_layers,   self.batch_size,         self.hidden_size   ).zero_()\n",
    "                return hidden"
   ]
  },
  {
   "cell_type": "code",
   "execution_count": 29,
   "id": "f41710dd-b181-4d45-9822-2ac11e6551af",
   "metadata": {},
   "outputs": [],
   "source": [
    "class GRUnetBiDir(torch.nn.Module):\n",
    "            \"\"\"\n",
    "            Source: https://blog.floydhub.com/gru-with-pytorch/\n",
    "            with the only modification that the final output of forward() is now\n",
    "            routed through LogSoftmax activation.\n",
    "\n",
    "            Class Path: DLStudio  ->  TextClassification  ->  GRUnet\n",
    "            \"\"\"\n",
    "            def __init__(self, input_size, hidden_size, output_size, num_layers,  batch_size, drop_prob=0.2):\n",
    "                super(GRUnet, self).__init__()\n",
    "                self.hidden_size = hidden_size\n",
    "                self.num_layers = num_layers\n",
    "                self.gru = nn.GRU(input_size, hidden_size, num_layers,batch_first=True, dropout=drop_prob, bidirectional = True)\n",
    "                self.fc = nn.Linear(hidden_size, output_size)\n",
    "                self.relu = nn.ReLU()\n",
    "                self.softmax = nn.Softmax(dim=1)\n",
    "                self.batch_size = batch_size\n",
    "\n",
    "            def forward(self, x, h):\n",
    "                out, h = self.gru(x, h)\n",
    "                out = self.fc(self.relu(out[:,-1]))\n",
    "                out = self.softmax(out)\n",
    "                return out, h\n",
    "\n",
    "            def init_hidden(self):\n",
    "                weight = next(self.parameters()).data\n",
    "                #                                     batch_size\n",
    "                hidden = weight.new(  self.num_layers,    1,         self.hidden_size   ).zero_()\n",
    "                return hidden"
   ]
  },
  {
   "cell_type": "code",
   "execution_count": 30,
   "id": "ec57987a-2695-4889-85c3-4a43743e2cca",
   "metadata": {},
   "outputs": [],
   "source": [
    "gru_network = GRUnet(input_size = 768, hidden_size = 512,output_size = 3, num_layers = 5, batch_size = 8)"
   ]
  },
  {
   "cell_type": "code",
   "execution_count": 49,
   "id": "7822a42b-840d-4507-8a62-80fcf7c1cd2f",
   "metadata": {},
   "outputs": [],
   "source": [
    "class BiGRUnet(torch.nn.Module):\n",
    "            \"\"\"\n",
    "            Source: https://blog.floydhub.com/gru-with-pytorch/\n",
    "            with the only modification that the final output of forward() is now\n",
    "            routed through LogSoftmax activation.\n",
    "\n",
    "            Class Path: DLStudio  ->  TextClassification  ->  GRUnet\n",
    "            \"\"\"\n",
    "            def __init__(self, input_size, hidden_size, output_size, num_layers,  batch_size, drop_prob=0.2):\n",
    "                super(BiGRUnet, self).__init__()\n",
    "                self.hidden_size = hidden_size\n",
    "                self.num_layers = num_layers\n",
    "                self.gru = nn.GRU(input_size, hidden_size, num_layers,batch_first=True, dropout=drop_prob, bidirectional=True)\n",
    "                self.fc = nn.Linear(2*hidden_size, output_size)\n",
    "                self.relu = nn.ReLU()\n",
    "                self.softmax = nn.Softmax(dim=1)\n",
    "                self.batch_size = batch_size\n",
    "\n",
    "            def forward(self, x, h):\n",
    "                out, h = self.gru(x, h)\n",
    "                out = self.fc(self.relu(out[:,-1]))\n",
    "                out = self.softmax(out)\n",
    "                return out, h\n",
    "\n",
    "            def init_hidden(self):\n",
    "                weight = next(self.parameters()).data\n",
    "                #                                     batch_size\n",
    "                hidden = weight.new(  2*self.num_layers,    self.batch_size,         self.hidden_size   ).zero_()\n",
    "                return hidden"
   ]
  },
  {
   "cell_type": "code",
   "execution_count": 50,
   "id": "804c5e5a-efd4-47f4-b6c3-13aa9cb8fd57",
   "metadata": {
    "scrolled": true
   },
   "outputs": [
    {
     "name": "stdout",
     "output_type": "stream",
     "text": [
      "\n",
      "torch.Size([8, 1, 81, 768])\n",
      "torch.Size([1, 81, 768])\n",
      "sentiment\n",
      "tensor([[1., 0., 0.],\n",
      "        [1., 0., 0.],\n",
      "        [0., 1., 0.],\n",
      "        [0., 0., 1.],\n",
      "        [0., 1., 0.],\n",
      "        [1., 0., 0.],\n",
      "        [0., 1., 0.],\n",
      "        [0., 1., 0.]])\n",
      "output\n",
      "tensor([[0.3420, 0.3262, 0.3318],\n",
      "        [0.3446, 0.3260, 0.3294],\n",
      "        [0.3446, 0.3271, 0.3283],\n",
      "        [0.3445, 0.3286, 0.3269],\n",
      "        [0.3456, 0.3277, 0.3267],\n",
      "        [0.3458, 0.3265, 0.3277],\n",
      "        [0.3456, 0.3248, 0.3296],\n",
      "        [0.3435, 0.3287, 0.3279]], grad_fn=<SoftmaxBackward0>)\n",
      "torch.Size([8, 1, 81, 768])\n",
      "torch.Size([1, 81, 768])\n",
      "sentiment\n",
      "tensor([[0., 1., 0.],\n",
      "        [0., 1., 0.],\n",
      "        [0., 1., 0.],\n",
      "        [0., 1., 0.],\n",
      "        [0., 1., 0.],\n",
      "        [0., 1., 0.],\n",
      "        [0., 1., 0.],\n",
      "        [1., 0., 0.]])\n",
      "output\n",
      "tensor([[0.3426, 0.3287, 0.3287],\n",
      "        [0.3434, 0.3277, 0.3289],\n",
      "        [0.3467, 0.3228, 0.3305],\n",
      "        [0.3448, 0.3249, 0.3303],\n",
      "        [0.3429, 0.3284, 0.3286],\n",
      "        [0.3412, 0.3263, 0.3325],\n",
      "        [0.3426, 0.3279, 0.3295],\n",
      "        [0.3471, 0.3277, 0.3252]], grad_fn=<SoftmaxBackward0>)\n",
      "torch.Size([8, 1, 81, 768])\n",
      "torch.Size([1, 81, 768])\n",
      "sentiment\n",
      "tensor([[0., 1., 0.],\n",
      "        [1., 0., 0.],\n",
      "        [0., 0., 1.],\n",
      "        [0., 1., 0.],\n",
      "        [0., 1., 0.],\n",
      "        [1., 0., 0.],\n",
      "        [0., 1., 0.],\n",
      "        [0., 1., 0.]])\n",
      "output\n",
      "tensor([[0.3462, 0.3284, 0.3254],\n",
      "        [0.3448, 0.3242, 0.3309],\n",
      "        [0.3442, 0.3274, 0.3284],\n",
      "        [0.3452, 0.3225, 0.3323],\n",
      "        [0.3473, 0.3259, 0.3268],\n",
      "        [0.3457, 0.3281, 0.3262],\n",
      "        [0.3450, 0.3306, 0.3244],\n",
      "        [0.3445, 0.3299, 0.3256]], grad_fn=<SoftmaxBackward0>)\n",
      "torch.Size([8, 1, 81, 768])\n",
      "torch.Size([1, 81, 768])\n",
      "sentiment\n",
      "tensor([[0., 0., 1.],\n",
      "        [1., 0., 0.],\n",
      "        [1., 0., 0.],\n",
      "        [1., 0., 0.],\n",
      "        [1., 0., 0.],\n",
      "        [0., 0., 1.],\n",
      "        [0., 0., 1.],\n",
      "        [1., 0., 0.]])\n",
      "output\n",
      "tensor([[0.3479, 0.3250, 0.3271],\n",
      "        [0.3443, 0.3274, 0.3283],\n",
      "        [0.3457, 0.3262, 0.3281],\n",
      "        [0.3478, 0.3264, 0.3258],\n",
      "        [0.3412, 0.3267, 0.3321],\n",
      "        [0.3437, 0.3283, 0.3280],\n",
      "        [0.3431, 0.3286, 0.3283],\n",
      "        [0.3423, 0.3266, 0.3312]], grad_fn=<SoftmaxBackward0>)\n",
      "torch.Size([8, 1, 81, 768])\n",
      "torch.Size([1, 81, 768])\n",
      "sentiment\n",
      "tensor([[0., 1., 0.],\n",
      "        [0., 1., 0.],\n",
      "        [1., 0., 0.],\n",
      "        [1., 0., 0.],\n",
      "        [1., 0., 0.],\n",
      "        [1., 0., 0.],\n",
      "        [0., 1., 0.],\n",
      "        [0., 1., 0.]])\n",
      "output\n",
      "tensor([[0.3458, 0.3247, 0.3296],\n",
      "        [0.3442, 0.3271, 0.3287],\n",
      "        [0.3426, 0.3282, 0.3291],\n",
      "        [0.3437, 0.3269, 0.3295],\n",
      "        [0.3460, 0.3276, 0.3263],\n",
      "        [0.3452, 0.3242, 0.3306],\n",
      "        [0.3462, 0.3248, 0.3290],\n",
      "        [0.3463, 0.3258, 0.3279]], grad_fn=<SoftmaxBackward0>)\n",
      "torch.Size([8, 1, 81, 768])\n",
      "torch.Size([1, 81, 768])\n",
      "sentiment\n",
      "tensor([[0., 1., 0.],\n",
      "        [1., 0., 0.],\n",
      "        [0., 1., 0.],\n",
      "        [1., 0., 0.],\n",
      "        [1., 0., 0.],\n",
      "        [0., 1., 0.],\n",
      "        [0., 0., 1.],\n",
      "        [1., 0., 0.]])\n",
      "output\n",
      "tensor([[0.3438, 0.3277, 0.3285],\n",
      "        [0.3448, 0.3238, 0.3314],\n",
      "        [0.3458, 0.3252, 0.3290],\n",
      "        [0.3450, 0.3272, 0.3278],\n",
      "        [0.3461, 0.3266, 0.3274],\n",
      "        [0.3471, 0.3252, 0.3277],\n",
      "        [0.3499, 0.3240, 0.3261],\n",
      "        [0.3424, 0.3287, 0.3289]], grad_fn=<SoftmaxBackward0>)\n",
      "torch.Size([8, 1, 81, 768])\n",
      "torch.Size([1, 81, 768])\n",
      "sentiment\n",
      "tensor([[0., 1., 0.],\n",
      "        [1., 0., 0.],\n",
      "        [0., 0., 1.],\n",
      "        [0., 1., 0.],\n",
      "        [0., 1., 0.],\n",
      "        [0., 1., 0.],\n",
      "        [0., 1., 0.],\n",
      "        [0., 0., 1.]])\n",
      "output\n",
      "tensor([[0.3437, 0.3295, 0.3267],\n",
      "        [0.3461, 0.3271, 0.3269],\n",
      "        [0.3438, 0.3282, 0.3281],\n",
      "        [0.3443, 0.3286, 0.3271],\n",
      "        [0.3464, 0.3258, 0.3278],\n",
      "        [0.3447, 0.3269, 0.3283],\n",
      "        [0.3476, 0.3251, 0.3273],\n",
      "        [0.3487, 0.3225, 0.3288]], grad_fn=<SoftmaxBackward0>)\n",
      "torch.Size([8, 1, 81, 768])\n",
      "torch.Size([1, 81, 768])\n",
      "sentiment\n",
      "tensor([[1., 0., 0.],\n",
      "        [1., 0., 0.],\n",
      "        [0., 1., 0.],\n",
      "        [0., 0., 1.],\n",
      "        [0., 0., 1.],\n",
      "        [0., 0., 1.],\n",
      "        [0., 1., 0.],\n",
      "        [0., 1., 0.]])\n",
      "output\n",
      "tensor([[0.3462, 0.3268, 0.3270],\n",
      "        [0.3475, 0.3264, 0.3262],\n",
      "        [0.3453, 0.3271, 0.3275],\n",
      "        [0.3456, 0.3248, 0.3295],\n",
      "        [0.3451, 0.3287, 0.3262],\n",
      "        [0.3487, 0.3260, 0.3252],\n",
      "        [0.3449, 0.3260, 0.3291],\n",
      "        [0.3430, 0.3294, 0.3276]], grad_fn=<SoftmaxBackward0>)\n",
      "torch.Size([8, 1, 81, 768])\n",
      "torch.Size([1, 81, 768])\n",
      "sentiment\n",
      "tensor([[0., 0., 1.],\n",
      "        [1., 0., 0.],\n",
      "        [1., 0., 0.],\n",
      "        [0., 0., 1.],\n",
      "        [1., 0., 0.],\n",
      "        [0., 1., 0.],\n",
      "        [0., 1., 0.],\n",
      "        [0., 1., 0.]])\n",
      "output\n",
      "tensor([[0.3468, 0.3251, 0.3281],\n",
      "        [0.3456, 0.3254, 0.3290],\n",
      "        [0.3491, 0.3238, 0.3271],\n",
      "        [0.3481, 0.3243, 0.3275],\n",
      "        [0.3461, 0.3257, 0.3282],\n",
      "        [0.3438, 0.3269, 0.3293],\n",
      "        [0.3449, 0.3254, 0.3297],\n",
      "        [0.3470, 0.3230, 0.3301]], grad_fn=<SoftmaxBackward0>)\n",
      "torch.Size([8, 1, 81, 768])\n",
      "torch.Size([1, 81, 768])\n",
      "sentiment\n",
      "tensor([[1., 0., 0.],\n",
      "        [1., 0., 0.],\n",
      "        [1., 0., 0.],\n",
      "        [0., 0., 1.],\n",
      "        [1., 0., 0.],\n",
      "        [0., 1., 0.],\n",
      "        [0., 0., 1.],\n",
      "        [0., 1., 0.]])\n",
      "output\n",
      "tensor([[0.3434, 0.3250, 0.3315],\n",
      "        [0.3429, 0.3280, 0.3292],\n",
      "        [0.3460, 0.3269, 0.3271],\n",
      "        [0.3424, 0.3269, 0.3308],\n",
      "        [0.3438, 0.3273, 0.3289],\n",
      "        [0.3464, 0.3246, 0.3290],\n",
      "        [0.3462, 0.3264, 0.3274],\n",
      "        [0.3447, 0.3260, 0.3294]], grad_fn=<SoftmaxBackward0>)\n",
      "torch.Size([8, 1, 81, 768])\n",
      "torch.Size([1, 81, 768])\n",
      "sentiment\n",
      "tensor([[0., 0., 1.],\n",
      "        [0., 1., 0.],\n",
      "        [1., 0., 0.],\n",
      "        [0., 1., 0.],\n",
      "        [0., 0., 1.],\n",
      "        [0., 1., 0.],\n",
      "        [1., 0., 0.],\n",
      "        [0., 0., 1.]])\n",
      "output\n",
      "tensor([[0.3489, 0.3229, 0.3282],\n",
      "        [0.3445, 0.3276, 0.3279],\n",
      "        [0.3494, 0.3236, 0.3270],\n",
      "        [0.3438, 0.3271, 0.3291],\n",
      "        [0.3422, 0.3264, 0.3314],\n",
      "        [0.3488, 0.3243, 0.3269],\n",
      "        [0.3452, 0.3267, 0.3282],\n",
      "        [0.3440, 0.3250, 0.3311]], grad_fn=<SoftmaxBackward0>)\n",
      "torch.Size([8, 1, 81, 768])\n",
      "torch.Size([1, 81, 768])\n",
      "sentiment\n",
      "tensor([[0., 1., 0.],\n",
      "        [1., 0., 0.],\n",
      "        [0., 1., 0.],\n",
      "        [0., 1., 0.],\n",
      "        [0., 1., 0.],\n",
      "        [0., 1., 0.],\n",
      "        [1., 0., 0.],\n",
      "        [0., 1., 0.]])\n",
      "output\n",
      "tensor([[0.3462, 0.3241, 0.3297],\n",
      "        [0.3424, 0.3276, 0.3300],\n",
      "        [0.3412, 0.3261, 0.3328],\n",
      "        [0.3434, 0.3261, 0.3305],\n",
      "        [0.3452, 0.3272, 0.3275],\n",
      "        [0.3434, 0.3243, 0.3323],\n",
      "        [0.3466, 0.3243, 0.3290],\n",
      "        [0.3448, 0.3283, 0.3268]], grad_fn=<SoftmaxBackward0>)\n",
      "torch.Size([8, 1, 81, 768])\n",
      "torch.Size([1, 81, 768])\n",
      "sentiment\n",
      "tensor([[0., 0., 1.],\n",
      "        [0., 1., 0.],\n",
      "        [1., 0., 0.],\n",
      "        [0., 1., 0.],\n",
      "        [0., 1., 0.],\n",
      "        [0., 1., 0.],\n",
      "        [1., 0., 0.],\n",
      "        [0., 1., 0.]])\n",
      "output\n",
      "tensor([[0.3456, 0.3254, 0.3289],\n",
      "        [0.3454, 0.3284, 0.3262],\n",
      "        [0.3413, 0.3265, 0.3322],\n",
      "        [0.3464, 0.3238, 0.3298],\n",
      "        [0.3442, 0.3245, 0.3312],\n",
      "        [0.3436, 0.3263, 0.3301],\n",
      "        [0.3445, 0.3277, 0.3278],\n",
      "        [0.3420, 0.3267, 0.3313]], grad_fn=<SoftmaxBackward0>)\n",
      "torch.Size([8, 1, 81, 768])\n",
      "torch.Size([1, 81, 768])\n",
      "sentiment\n",
      "tensor([[0., 1., 0.],\n",
      "        [0., 1., 0.],\n",
      "        [0., 1., 0.],\n",
      "        [0., 1., 0.],\n",
      "        [0., 0., 1.],\n",
      "        [0., 1., 0.],\n",
      "        [1., 0., 0.],\n",
      "        [1., 0., 0.]])\n",
      "output\n",
      "tensor([[0.3463, 0.3251, 0.3287],\n",
      "        [0.3452, 0.3263, 0.3285],\n",
      "        [0.3452, 0.3289, 0.3258],\n",
      "        [0.3472, 0.3231, 0.3296],\n",
      "        [0.3428, 0.3273, 0.3299],\n",
      "        [0.3473, 0.3253, 0.3274],\n",
      "        [0.3464, 0.3227, 0.3310],\n",
      "        [0.3445, 0.3236, 0.3319]], grad_fn=<SoftmaxBackward0>)\n",
      "torch.Size([8, 1, 81, 768])\n",
      "torch.Size([1, 81, 768])\n",
      "sentiment\n",
      "tensor([[0., 1., 0.],\n",
      "        [0., 1., 0.],\n",
      "        [1., 0., 0.],\n",
      "        [0., 0., 1.],\n",
      "        [1., 0., 0.],\n",
      "        [0., 1., 0.],\n",
      "        [1., 0., 0.],\n",
      "        [0., 1., 0.]])\n",
      "output\n",
      "tensor([[0.3455, 0.3228, 0.3317],\n",
      "        [0.3458, 0.3254, 0.3288],\n",
      "        [0.3444, 0.3242, 0.3314],\n",
      "        [0.3453, 0.3241, 0.3306],\n",
      "        [0.3464, 0.3251, 0.3285],\n",
      "        [0.3460, 0.3263, 0.3276],\n",
      "        [0.3482, 0.3264, 0.3254],\n",
      "        [0.3446, 0.3245, 0.3309]], grad_fn=<SoftmaxBackward0>)\n",
      "torch.Size([8, 1, 81, 768])\n",
      "torch.Size([1, 81, 768])\n",
      "sentiment\n",
      "tensor([[0., 1., 0.],\n",
      "        [1., 0., 0.],\n",
      "        [0., 1., 0.],\n",
      "        [0., 1., 0.],\n",
      "        [0., 1., 0.],\n",
      "        [0., 1., 0.],\n",
      "        [1., 0., 0.],\n",
      "        [0., 1., 0.]])\n",
      "output\n",
      "tensor([[0.3437, 0.3233, 0.3329],\n",
      "        [0.3443, 0.3250, 0.3307],\n",
      "        [0.3436, 0.3258, 0.3307],\n",
      "        [0.3431, 0.3259, 0.3310],\n",
      "        [0.3470, 0.3239, 0.3290],\n",
      "        [0.3460, 0.3254, 0.3286],\n",
      "        [0.3480, 0.3239, 0.3281],\n",
      "        [0.3444, 0.3251, 0.3305]], grad_fn=<SoftmaxBackward0>)\n",
      "torch.Size([8, 1, 81, 768])\n",
      "torch.Size([1, 81, 768])\n",
      "sentiment\n",
      "tensor([[1., 0., 0.],\n",
      "        [0., 1., 0.],\n",
      "        [1., 0., 0.],\n",
      "        [1., 0., 0.],\n",
      "        [0., 1., 0.],\n",
      "        [0., 1., 0.],\n",
      "        [0., 0., 1.],\n",
      "        [1., 0., 0.]])\n",
      "output\n",
      "tensor([[0.3446, 0.3254, 0.3300],\n",
      "        [0.3418, 0.3270, 0.3312],\n",
      "        [0.3448, 0.3266, 0.3286],\n",
      "        [0.3463, 0.3240, 0.3297],\n",
      "        [0.3431, 0.3277, 0.3292],\n",
      "        [0.3458, 0.3259, 0.3283],\n",
      "        [0.3470, 0.3250, 0.3279],\n",
      "        [0.3445, 0.3261, 0.3294]], grad_fn=<SoftmaxBackward0>)\n",
      "torch.Size([8, 1, 81, 768])\n",
      "torch.Size([1, 81, 768])\n",
      "sentiment\n",
      "tensor([[0., 1., 0.],\n",
      "        [0., 1., 0.],\n",
      "        [0., 1., 0.],\n",
      "        [0., 1., 0.],\n",
      "        [1., 0., 0.],\n",
      "        [0., 0., 1.],\n",
      "        [1., 0., 0.],\n",
      "        [1., 0., 0.]])\n",
      "output\n",
      "tensor([[0.3485, 0.3258, 0.3258],\n",
      "        [0.3437, 0.3277, 0.3286],\n",
      "        [0.3452, 0.3264, 0.3285],\n",
      "        [0.3459, 0.3233, 0.3308],\n",
      "        [0.3489, 0.3227, 0.3284],\n",
      "        [0.3468, 0.3247, 0.3285],\n",
      "        [0.3463, 0.3258, 0.3279],\n",
      "        [0.3435, 0.3274, 0.3291]], grad_fn=<SoftmaxBackward0>)\n",
      "torch.Size([8, 1, 81, 768])\n",
      "torch.Size([1, 81, 768])\n",
      "sentiment\n",
      "tensor([[0., 1., 0.],\n",
      "        [0., 1., 0.],\n",
      "        [0., 1., 0.],\n",
      "        [0., 1., 0.],\n",
      "        [1., 0., 0.],\n",
      "        [0., 0., 1.],\n",
      "        [1., 0., 0.],\n",
      "        [1., 0., 0.]])\n",
      "output\n",
      "tensor([[0.3469, 0.3236, 0.3295],\n",
      "        [0.3459, 0.3267, 0.3275],\n",
      "        [0.3458, 0.3287, 0.3255],\n",
      "        [0.3495, 0.3230, 0.3275],\n",
      "        [0.3428, 0.3271, 0.3301],\n",
      "        [0.3461, 0.3258, 0.3281],\n",
      "        [0.3479, 0.3249, 0.3272],\n",
      "        [0.3489, 0.3224, 0.3288]], grad_fn=<SoftmaxBackward0>)\n",
      "torch.Size([8, 1, 81, 768])\n",
      "torch.Size([1, 81, 768])\n",
      "sentiment\n",
      "tensor([[0., 1., 0.],\n",
      "        [0., 1., 0.],\n",
      "        [1., 0., 0.],\n",
      "        [1., 0., 0.],\n",
      "        [0., 1., 0.],\n",
      "        [0., 1., 0.],\n",
      "        [0., 0., 1.],\n",
      "        [0., 0., 1.]])\n",
      "output\n",
      "tensor([[0.3468, 0.3229, 0.3303],\n",
      "        [0.3445, 0.3271, 0.3284],\n",
      "        [0.3484, 0.3221, 0.3296],\n",
      "        [0.3454, 0.3259, 0.3287],\n",
      "        [0.3420, 0.3257, 0.3324],\n",
      "        [0.3458, 0.3262, 0.3279],\n",
      "        [0.3475, 0.3262, 0.3263],\n",
      "        [0.3450, 0.3249, 0.3301]], grad_fn=<SoftmaxBackward0>)\n",
      "torch.Size([8, 1, 81, 768])\n",
      "torch.Size([1, 81, 768])\n",
      "sentiment\n",
      "tensor([[0., 1., 0.],\n",
      "        [0., 1., 0.],\n",
      "        [1., 0., 0.],\n",
      "        [0., 1., 0.],\n",
      "        [0., 0., 1.],\n",
      "        [0., 1., 0.],\n",
      "        [0., 1., 0.],\n",
      "        [0., 1., 0.]])\n",
      "output\n",
      "tensor([[0.3431, 0.3254, 0.3315],\n",
      "        [0.3480, 0.3237, 0.3284],\n",
      "        [0.3459, 0.3241, 0.3300],\n",
      "        [0.3484, 0.3257, 0.3258],\n",
      "        [0.3460, 0.3260, 0.3281],\n",
      "        [0.3414, 0.3276, 0.3310],\n",
      "        [0.3508, 0.3223, 0.3270],\n",
      "        [0.3477, 0.3247, 0.3275]], grad_fn=<SoftmaxBackward0>)\n",
      "torch.Size([8, 1, 81, 768])\n",
      "torch.Size([1, 81, 768])\n",
      "sentiment\n",
      "tensor([[0., 1., 0.],\n",
      "        [0., 0., 1.],\n",
      "        [1., 0., 0.],\n",
      "        [1., 0., 0.],\n",
      "        [0., 0., 1.],\n",
      "        [0., 1., 0.],\n",
      "        [0., 0., 1.],\n",
      "        [1., 0., 0.]])\n",
      "output\n",
      "tensor([[0.3476, 0.3270, 0.3254],\n",
      "        [0.3463, 0.3271, 0.3266],\n",
      "        [0.3467, 0.3234, 0.3299],\n",
      "        [0.3442, 0.3275, 0.3283],\n",
      "        [0.3441, 0.3247, 0.3312],\n",
      "        [0.3462, 0.3249, 0.3288],\n",
      "        [0.3458, 0.3261, 0.3281],\n",
      "        [0.3461, 0.3271, 0.3268]], grad_fn=<SoftmaxBackward0>)\n",
      "torch.Size([8, 1, 81, 768])\n",
      "torch.Size([1, 81, 768])\n",
      "sentiment\n",
      "tensor([[0., 1., 0.],\n",
      "        [0., 0., 1.],\n",
      "        [1., 0., 0.],\n",
      "        [0., 0., 1.],\n",
      "        [0., 1., 0.],\n",
      "        [1., 0., 0.],\n",
      "        [0., 1., 0.],\n",
      "        [0., 1., 0.]])\n",
      "output\n",
      "tensor([[0.3462, 0.3247, 0.3291],\n",
      "        [0.3433, 0.3268, 0.3300],\n",
      "        [0.3443, 0.3255, 0.3303],\n",
      "        [0.3456, 0.3253, 0.3291],\n",
      "        [0.3428, 0.3243, 0.3329],\n",
      "        [0.3466, 0.3297, 0.3237],\n",
      "        [0.3450, 0.3251, 0.3299],\n",
      "        [0.3457, 0.3261, 0.3283]], grad_fn=<SoftmaxBackward0>)\n",
      "torch.Size([8, 1, 81, 768])\n",
      "torch.Size([1, 81, 768])\n",
      "sentiment\n",
      "tensor([[0., 1., 0.],\n",
      "        [0., 1., 0.],\n",
      "        [0., 1., 0.],\n",
      "        [0., 1., 0.],\n",
      "        [0., 1., 0.],\n",
      "        [1., 0., 0.],\n",
      "        [1., 0., 0.],\n",
      "        [0., 0., 1.]])\n",
      "output\n",
      "tensor([[0.3442, 0.3269, 0.3288],\n",
      "        [0.3402, 0.3295, 0.3303],\n",
      "        [0.3460, 0.3238, 0.3301],\n",
      "        [0.3462, 0.3261, 0.3277],\n",
      "        [0.3429, 0.3256, 0.3315],\n",
      "        [0.3432, 0.3241, 0.3328],\n",
      "        [0.3434, 0.3262, 0.3304],\n",
      "        [0.3424, 0.3284, 0.3292]], grad_fn=<SoftmaxBackward0>)\n",
      "torch.Size([8, 1, 81, 768])\n",
      "torch.Size([1, 81, 768])\n",
      "sentiment\n",
      "tensor([[0., 1., 0.],\n",
      "        [0., 1., 0.],\n",
      "        [1., 0., 0.],\n",
      "        [0., 1., 0.],\n",
      "        [0., 1., 0.],\n",
      "        [1., 0., 0.],\n",
      "        [1., 0., 0.],\n",
      "        [0., 1., 0.]])\n",
      "output\n",
      "tensor([[0.3462, 0.3247, 0.3292],\n",
      "        [0.3457, 0.3259, 0.3284],\n",
      "        [0.3443, 0.3242, 0.3316],\n",
      "        [0.3439, 0.3255, 0.3306],\n",
      "        [0.3446, 0.3256, 0.3298],\n",
      "        [0.3473, 0.3230, 0.3297],\n",
      "        [0.3483, 0.3260, 0.3257],\n",
      "        [0.3454, 0.3228, 0.3318]], grad_fn=<SoftmaxBackward0>)\n",
      "torch.Size([8, 1, 81, 768])\n",
      "torch.Size([1, 81, 768])\n",
      "sentiment\n",
      "tensor([[1., 0., 0.],\n",
      "        [0., 1., 0.],\n",
      "        [1., 0., 0.],\n",
      "        [1., 0., 0.],\n",
      "        [0., 1., 0.],\n",
      "        [1., 0., 0.],\n",
      "        [1., 0., 0.],\n",
      "        [0., 1., 0.]])\n",
      "output\n",
      "tensor([[0.3466, 0.3270, 0.3264],\n",
      "        [0.3470, 0.3244, 0.3286],\n",
      "        [0.3449, 0.3226, 0.3326],\n",
      "        [0.3474, 0.3241, 0.3285],\n",
      "        [0.3450, 0.3251, 0.3298],\n",
      "        [0.3467, 0.3228, 0.3306],\n",
      "        [0.3443, 0.3236, 0.3320],\n",
      "        [0.3433, 0.3261, 0.3306]], grad_fn=<SoftmaxBackward0>)\n",
      "torch.Size([8, 1, 81, 768])\n",
      "torch.Size([1, 81, 768])\n",
      "sentiment\n",
      "tensor([[0., 1., 0.],\n",
      "        [0., 0., 1.],\n",
      "        [0., 1., 0.],\n",
      "        [1., 0., 0.],\n",
      "        [0., 1., 0.],\n",
      "        [0., 0., 1.],\n",
      "        [0., 1., 0.],\n",
      "        [1., 0., 0.]])\n",
      "output\n",
      "tensor([[0.3449, 0.3252, 0.3299],\n",
      "        [0.3478, 0.3242, 0.3281],\n",
      "        [0.3435, 0.3239, 0.3326],\n",
      "        [0.3471, 0.3229, 0.3300],\n",
      "        [0.3451, 0.3261, 0.3288],\n",
      "        [0.3465, 0.3243, 0.3292],\n",
      "        [0.3444, 0.3252, 0.3304],\n",
      "        [0.3428, 0.3275, 0.3297]], grad_fn=<SoftmaxBackward0>)\n",
      "torch.Size([8, 1, 81, 768])\n",
      "torch.Size([1, 81, 768])\n",
      "sentiment\n",
      "tensor([[0., 1., 0.],\n",
      "        [0., 1., 0.],\n",
      "        [0., 1., 0.],\n",
      "        [0., 0., 1.],\n",
      "        [1., 0., 0.],\n",
      "        [1., 0., 0.],\n",
      "        [0., 0., 1.],\n",
      "        [0., 1., 0.]])\n",
      "output\n",
      "tensor([[0.3449, 0.3233, 0.3317],\n",
      "        [0.3456, 0.3254, 0.3290],\n",
      "        [0.3429, 0.3249, 0.3321],\n",
      "        [0.3419, 0.3252, 0.3330],\n",
      "        [0.3445, 0.3256, 0.3299],\n",
      "        [0.3455, 0.3258, 0.3287],\n",
      "        [0.3477, 0.3212, 0.3311],\n",
      "        [0.3449, 0.3275, 0.3276]], grad_fn=<SoftmaxBackward0>)\n",
      "torch.Size([8, 1, 81, 768])\n",
      "torch.Size([1, 81, 768])\n",
      "sentiment\n",
      "tensor([[1., 0., 0.],\n",
      "        [0., 1., 0.],\n",
      "        [0., 1., 0.],\n",
      "        [0., 1., 0.],\n",
      "        [1., 0., 0.],\n",
      "        [0., 1., 0.],\n",
      "        [1., 0., 0.],\n",
      "        [0., 0., 1.]])\n",
      "output\n",
      "tensor([[0.3491, 0.3224, 0.3285],\n",
      "        [0.3457, 0.3266, 0.3277],\n",
      "        [0.3426, 0.3271, 0.3303],\n",
      "        [0.3424, 0.3259, 0.3317],\n",
      "        [0.3443, 0.3253, 0.3304],\n",
      "        [0.3493, 0.3221, 0.3286],\n",
      "        [0.3419, 0.3270, 0.3312],\n",
      "        [0.3471, 0.3270, 0.3259]], grad_fn=<SoftmaxBackward0>)\n",
      "torch.Size([8, 1, 81, 768])\n",
      "torch.Size([1, 81, 768])\n",
      "sentiment\n",
      "tensor([[1., 0., 0.],\n",
      "        [1., 0., 0.],\n",
      "        [1., 0., 0.],\n",
      "        [0., 1., 0.],\n",
      "        [0., 1., 0.],\n",
      "        [1., 0., 0.],\n",
      "        [0., 1., 0.],\n",
      "        [0., 1., 0.]])\n",
      "output\n",
      "tensor([[0.3426, 0.3278, 0.3295],\n",
      "        [0.3444, 0.3250, 0.3307],\n",
      "        [0.3458, 0.3282, 0.3260],\n",
      "        [0.3476, 0.3215, 0.3309],\n",
      "        [0.3487, 0.3257, 0.3257],\n",
      "        [0.3468, 0.3238, 0.3294],\n",
      "        [0.3460, 0.3238, 0.3302],\n",
      "        [0.3475, 0.3218, 0.3307]], grad_fn=<SoftmaxBackward0>)\n",
      "torch.Size([8, 1, 81, 768])\n",
      "torch.Size([1, 81, 768])\n",
      "sentiment\n",
      "tensor([[0., 0., 1.],\n",
      "        [0., 1., 0.],\n",
      "        [0., 1., 0.],\n",
      "        [1., 0., 0.],\n",
      "        [0., 1., 0.],\n",
      "        [1., 0., 0.],\n",
      "        [0., 1., 0.],\n",
      "        [1., 0., 0.]])\n",
      "output\n",
      "tensor([[0.3464, 0.3268, 0.3267],\n",
      "        [0.3446, 0.3274, 0.3281],\n",
      "        [0.3443, 0.3246, 0.3310],\n",
      "        [0.3482, 0.3220, 0.3298],\n",
      "        [0.3460, 0.3252, 0.3288],\n",
      "        [0.3463, 0.3245, 0.3292],\n",
      "        [0.3477, 0.3263, 0.3260],\n",
      "        [0.3485, 0.3228, 0.3287]], grad_fn=<SoftmaxBackward0>)\n",
      "torch.Size([8, 1, 81, 768])\n",
      "torch.Size([1, 81, 768])\n",
      "sentiment\n",
      "tensor([[0., 1., 0.],\n",
      "        [0., 0., 1.],\n",
      "        [0., 1., 0.],\n",
      "        [0., 0., 1.],\n",
      "        [0., 0., 1.],\n",
      "        [0., 1., 0.],\n",
      "        [0., 1., 0.],\n",
      "        [0., 1., 0.]])\n",
      "output\n",
      "tensor([[0.3465, 0.3249, 0.3285],\n",
      "        [0.3428, 0.3261, 0.3311],\n",
      "        [0.3471, 0.3249, 0.3280],\n",
      "        [0.3458, 0.3277, 0.3264],\n",
      "        [0.3479, 0.3231, 0.3290],\n",
      "        [0.3474, 0.3263, 0.3263],\n",
      "        [0.3469, 0.3236, 0.3295],\n",
      "        [0.3443, 0.3262, 0.3295]], grad_fn=<SoftmaxBackward0>)\n",
      "torch.Size([8, 1, 81, 768])\n",
      "torch.Size([1, 81, 768])\n",
      "sentiment\n",
      "tensor([[0., 1., 0.],\n",
      "        [0., 1., 0.],\n",
      "        [1., 0., 0.],\n",
      "        [0., 1., 0.],\n",
      "        [1., 0., 0.],\n",
      "        [0., 1., 0.],\n",
      "        [0., 0., 1.],\n",
      "        [0., 1., 0.]])\n",
      "output\n",
      "tensor([[0.3441, 0.3264, 0.3294],\n",
      "        [0.3424, 0.3265, 0.3310],\n",
      "        [0.3439, 0.3253, 0.3308],\n",
      "        [0.3499, 0.3232, 0.3270],\n",
      "        [0.3457, 0.3246, 0.3297],\n",
      "        [0.3442, 0.3257, 0.3301],\n",
      "        [0.3467, 0.3241, 0.3293],\n",
      "        [0.3451, 0.3273, 0.3276]], grad_fn=<SoftmaxBackward0>)\n",
      "torch.Size([8, 1, 81, 768])\n",
      "torch.Size([1, 81, 768])\n",
      "sentiment\n",
      "tensor([[1., 0., 0.],\n",
      "        [0., 1., 0.],\n",
      "        [0., 1., 0.],\n",
      "        [0., 1., 0.],\n",
      "        [0., 1., 0.],\n",
      "        [0., 1., 0.],\n",
      "        [1., 0., 0.],\n",
      "        [1., 0., 0.]])\n",
      "output\n",
      "tensor([[0.3462, 0.3220, 0.3318],\n",
      "        [0.3448, 0.3220, 0.3332],\n",
      "        [0.3474, 0.3229, 0.3297],\n",
      "        [0.3458, 0.3245, 0.3297],\n",
      "        [0.3489, 0.3212, 0.3299],\n",
      "        [0.3449, 0.3274, 0.3277],\n",
      "        [0.3465, 0.3227, 0.3308],\n",
      "        [0.3503, 0.3219, 0.3279]], grad_fn=<SoftmaxBackward0>)\n",
      "torch.Size([8, 1, 81, 768])\n",
      "torch.Size([1, 81, 768])\n",
      "sentiment\n",
      "tensor([[1., 0., 0.],\n",
      "        [0., 1., 0.],\n",
      "        [1., 0., 0.],\n",
      "        [1., 0., 0.],\n",
      "        [0., 1., 0.],\n",
      "        [0., 1., 0.],\n",
      "        [1., 0., 0.],\n",
      "        [1., 0., 0.]])\n",
      "output\n",
      "tensor([[0.3447, 0.3277, 0.3275],\n",
      "        [0.3396, 0.3276, 0.3327],\n",
      "        [0.3463, 0.3257, 0.3280],\n",
      "        [0.3466, 0.3248, 0.3286],\n",
      "        [0.3480, 0.3244, 0.3275],\n",
      "        [0.3439, 0.3253, 0.3308],\n",
      "        [0.3449, 0.3263, 0.3288],\n",
      "        [0.3473, 0.3232, 0.3295]], grad_fn=<SoftmaxBackward0>)\n",
      "torch.Size([8, 1, 81, 768])\n",
      "torch.Size([1, 81, 768])\n",
      "sentiment\n",
      "tensor([[0., 1., 0.],\n",
      "        [0., 1., 0.],\n",
      "        [0., 1., 0.],\n",
      "        [0., 1., 0.],\n",
      "        [1., 0., 0.],\n",
      "        [0., 1., 0.],\n",
      "        [0., 1., 0.],\n",
      "        [1., 0., 0.]])\n",
      "output\n",
      "tensor([[0.3468, 0.3238, 0.3294],\n",
      "        [0.3459, 0.3264, 0.3276],\n",
      "        [0.3459, 0.3247, 0.3293],\n",
      "        [0.3468, 0.3259, 0.3273],\n",
      "        [0.3482, 0.3219, 0.3299],\n",
      "        [0.3470, 0.3250, 0.3280],\n",
      "        [0.3452, 0.3259, 0.3288],\n",
      "        [0.3436, 0.3228, 0.3336]], grad_fn=<SoftmaxBackward0>)\n",
      "torch.Size([8, 1, 81, 768])\n",
      "torch.Size([1, 81, 768])\n",
      "sentiment\n",
      "tensor([[0., 1., 0.],\n",
      "        [1., 0., 0.],\n",
      "        [1., 0., 0.],\n",
      "        [0., 1., 0.],\n",
      "        [0., 0., 1.],\n",
      "        [0., 1., 0.],\n",
      "        [1., 0., 0.],\n",
      "        [1., 0., 0.]])\n",
      "output\n",
      "tensor([[0.3467, 0.3235, 0.3299],\n",
      "        [0.3449, 0.3271, 0.3280],\n",
      "        [0.3480, 0.3247, 0.3273],\n",
      "        [0.3453, 0.3235, 0.3312],\n",
      "        [0.3486, 0.3254, 0.3260],\n",
      "        [0.3448, 0.3274, 0.3278],\n",
      "        [0.3454, 0.3264, 0.3282],\n",
      "        [0.3485, 0.3243, 0.3272]], grad_fn=<SoftmaxBackward0>)\n",
      "torch.Size([8, 1, 81, 768])\n",
      "torch.Size([1, 81, 768])\n",
      "sentiment\n",
      "tensor([[0., 1., 0.],\n",
      "        [1., 0., 0.],\n",
      "        [0., 1., 0.],\n",
      "        [0., 1., 0.],\n",
      "        [1., 0., 0.],\n",
      "        [0., 1., 0.],\n",
      "        [0., 1., 0.],\n",
      "        [0., 0., 1.]])\n",
      "output\n",
      "tensor([[0.3455, 0.3242, 0.3303],\n",
      "        [0.3480, 0.3249, 0.3271],\n",
      "        [0.3426, 0.3282, 0.3292],\n",
      "        [0.3486, 0.3238, 0.3276],\n",
      "        [0.3451, 0.3251, 0.3298],\n",
      "        [0.3465, 0.3229, 0.3306],\n",
      "        [0.3429, 0.3265, 0.3306],\n",
      "        [0.3454, 0.3261, 0.3285]], grad_fn=<SoftmaxBackward0>)\n",
      "torch.Size([8, 1, 81, 768])\n",
      "torch.Size([1, 81, 768])\n",
      "sentiment\n",
      "tensor([[1., 0., 0.],\n",
      "        [0., 1., 0.],\n",
      "        [1., 0., 0.],\n",
      "        [0., 1., 0.],\n",
      "        [0., 0., 1.],\n",
      "        [1., 0., 0.],\n",
      "        [1., 0., 0.],\n",
      "        [0., 0., 1.]])\n",
      "output\n",
      "tensor([[0.3472, 0.3258, 0.3270],\n",
      "        [0.3454, 0.3257, 0.3289],\n",
      "        [0.3458, 0.3237, 0.3305],\n",
      "        [0.3455, 0.3255, 0.3289],\n",
      "        [0.3478, 0.3239, 0.3284],\n",
      "        [0.3464, 0.3266, 0.3269],\n",
      "        [0.3450, 0.3275, 0.3275],\n",
      "        [0.3475, 0.3265, 0.3260]], grad_fn=<SoftmaxBackward0>)\n",
      "torch.Size([8, 1, 81, 768])\n",
      "torch.Size([1, 81, 768])\n",
      "sentiment\n",
      "tensor([[1., 0., 0.],\n",
      "        [1., 0., 0.],\n",
      "        [0., 1., 0.],\n",
      "        [1., 0., 0.],\n",
      "        [0., 1., 0.],\n",
      "        [0., 1., 0.],\n",
      "        [1., 0., 0.],\n",
      "        [0., 1., 0.]])\n",
      "output\n",
      "tensor([[0.3437, 0.3263, 0.3300],\n",
      "        [0.3478, 0.3248, 0.3274],\n",
      "        [0.3479, 0.3237, 0.3285],\n",
      "        [0.3450, 0.3289, 0.3261],\n",
      "        [0.3478, 0.3255, 0.3267],\n",
      "        [0.3468, 0.3235, 0.3297],\n",
      "        [0.3460, 0.3287, 0.3253],\n",
      "        [0.3450, 0.3256, 0.3294]], grad_fn=<SoftmaxBackward0>)\n",
      "torch.Size([8, 1, 81, 768])\n",
      "torch.Size([1, 81, 768])\n",
      "sentiment\n",
      "tensor([[0., 1., 0.],\n",
      "        [1., 0., 0.],\n",
      "        [0., 1., 0.],\n",
      "        [0., 1., 0.],\n",
      "        [1., 0., 0.],\n",
      "        [0., 1., 0.],\n",
      "        [0., 0., 1.],\n",
      "        [0., 1., 0.]])\n",
      "output\n",
      "tensor([[0.3462, 0.3255, 0.3283],\n",
      "        [0.3456, 0.3262, 0.3282],\n",
      "        [0.3468, 0.3261, 0.3271],\n",
      "        [0.3468, 0.3227, 0.3306],\n",
      "        [0.3495, 0.3234, 0.3271],\n",
      "        [0.3480, 0.3263, 0.3257],\n",
      "        [0.3480, 0.3254, 0.3266],\n",
      "        [0.3446, 0.3243, 0.3311]], grad_fn=<SoftmaxBackward0>)\n",
      "torch.Size([8, 1, 81, 768])\n",
